7065
2604
2003
1939
1746
1578
1472
1414
1320
1288
9655
9532
5927
5348
5126
3242
2632
2534
2444
2415
6919
2698
2034
1852
1658
1653
1439
1326
1324
1308
8769
8524
5441
4664
4636
2834
2456
2339
2282
2177
8148
3143
2303
2186
2004
1821
1673
1542
1508
1492
9557
9298
5892
5193
5091
3176
2670
2610
2579
2500
8012
3306
2367
2255
2035
1881
1681
1634
1589
1548
8894
8387
5223
4826
4736
2986
2515
2383
2334
2316
9217
3860
2587
2549
2243
2142
1882
1852
1789
1739
9388
8897
5693
4961
4802
3218
2707
2572
2474
2468
9128
3994
2728
2582
2204
2178
1910
1860
1854
1703
8756
8044
5175
4674
4599
3067
2540
2406
2322
2266
9889
4283
2764
2680
2372
2275
2049
2001
1916
1860
9026
8252
5355
4671
4533
3127
2594
2443
2404
2337
9888
4227
2681
2647
2419
2215
2037
1984
1964
1929
8110
7470
4768
4284
4031
2883
2456
2228
2151
2125
11754
4982
3224
3087
2904
2654
2450
2444
2374
2278
9247
8705
5562
4912
4591
3459
2993
2814
2759
2596
11648
5062
3058
2917
2884
2624
2465
2463
2343
2319
8548
7772
5020
4430
4199
2975
2729
2559
2513
2299
12078
5233
3112
3100
2980
2744
2718
2650
2496
2388
8502
7494
5097
4458
4061
3078
2670
2541
2349
2345
11703
5099
3065
3059
2884
2715
2689
2428
2417
2372
7680
6763
4516
3931
3640
2652
2572
2240
2132
2049
13172
5542
3461
3435
3290
3154
3128
3035
2936
2661
9039
7782
5398
4760
4319
3150
3064
2710
2460
2452
12784
5695
3658
3565
3360
3249
3231
3119
2968
2623
8049
7223
5030
4320
3723
2997
2917
2563
2309
2245
13151
5565
3700
3676
3425
3372
3287
3233
2937
2649
8238
7274
5110
4365
3788
2977
2863
2497
2278
2189
13446
5950
4023
3931
3603
3551
3471
3391
3011
2952
8320
7277
5335
4289
3633
3012
2992
2635
2221
2203
13811
5860
4392
4050
3905
3502
3471
3323
3087
2872
8138
7747
5207
4286
3639
3051
2845
2719
2296
2183
13413
5429
4519
4146
3878
3442
3369
3182
3078
2698
7550
7198
5113
4078
3341
2827
2726
2701
2121
1994
14406
5773
5230
4696
4249
3790
3659
3531
3435
3061
8159
7400
5321
4853
3557
3171
2932
2925
2337
2161
13172
5115
5048
4249
3912
3314
3287
3156
2999
2703
6990
6086
4597
4018
3147
2679
2609
2550
1901
1831
16706
6343
6114
5304
4765
4096
3920
3896
3856
3414
9829
8579
7245
5403
4098
3821
3714
3477
2720
2606
13136
5247
4923
4424
3974
3216
3157
3131
3067
2681
6900
5990
4735
3609
3049
2766
2543
2402
1917
1870
14486
5967
5288
5011
4384
3694
3509
3424
3295
3135
7907
6616
5592
4223
3361
3180
3098
2756
2294
2154
14275
6129
5098
5046
4518
3723
3469
3468
3257
3088
7608
6311
5480
3961
3213
3121
3044
2644
2268
1962
14961
6488
5330
5302
4900
3833
3595
3572
3525
3477
8108
6416
5855
4219
3414
3406
3291
2799
2334
2086
16067
6811
5690
5424
5068
4121
3937
3758
3643
3610
8060
6495
6042
4256
3608
3410
3302
2837
2366
2135
16370
7176
6096
5502
5140
4326
4321
4192
3873
3691
8265
6566
5908
4201
3635
3607
3527
2798
2398
2176
17580
7579
6713
5575
5573
4967
4624
4277
4107
3880
8983
6904
6707
4445
4020
3884
3844
2943
2576
2203
18665
8439
6976
6180
5860
5703
4904
4624
4270
4076
9342
7528
7012
4584
4219
4162
3929
3146
2707
2301
19259
9250
7359
6509
6253
5804
5176
5054
4301
4170
9591
7914
7594
4688
4563
4348
4029
3244
2935
2468
22848
10479
8226
7318
7212
6436
5800
5692
4790
4671
11450
9195
8844
5609
5441
5228
4785
3768
3408
2899
24390
11801
9279
8869
8003
6753
6298
6271
5017
4967
13446
10593
9951
6586
6526
6488
5725
4314
4164
3292
32304
16133
12645
12536
11280
8764
8586
8528
6680
6642
24587
19626
17644
12836
12062
11734
11070
7936
7912
6087
36642
18888
14674
14486
12609
9921
9687
9505
7694
7353
29329
23538
20832
15684
14471
13874
13190
9474
9237
7096
45345
23221
18782
17763
15839
11865
11650
11367
9677
8829
37948
29753
26263
21188
18829
17603
16937
12318
12002
8962
58187
30866
25154
23054
21878
15254
15119
14103
12787
11595
47576
38564
33775
28738
23052
22307
21960
15889
15006
11490
61438
32662
27417
24953
23190
15633
15228
14939
13746
12487
50043
40419
35569
31741
23883
23611
23380
17005
15291
11998
64281
34251
28851
25560
23568
16257
15160
15131
14363
14261
51853
42422
37339
35220
24762
24196
24143
17502
15769
12611
67366
36148
32032
27139
25534
17258
16421
16131
15853
15666
56558
45290
42118
40620
26922
26318
26263
19489
17017
13910
65838
33706
31734
26237
24565
17300
15636
15287
15107
14498
53528
43971
42390
41027
25192
25172
24264
18535
15702
13434
70982
36643
35097
27996
26102
18059
17314
15910
15883
14581
56913
50149
48676
47912
28308
26892
25591
20095
16430
15010
73985
39087
34822
28467
25784
19033
17881
17638
15993
15800
58217
52784
51860
49748
29244
27476
26179
20818
16708
16376
72173
37716
32508
26865
23630
20895
19146
16412
15242
15053
57277
53793
51116
49801
28842
27351
25699
20419
17539
16014
71638
39044
31488
26133
25991
23638
18326
15990
15461
14879
57470
56117
52136
50463
28962
27021
25561
20597
18884
16435
73534
39999
31192
30599
26549
23600
18622
15853
15785
15183
60801
59055
53511
52939
30461
27375
25428
21246
21128
17929
70591
38570
32813
29172
24463
22248
17489
16074
14451
13935
60897
57199
53304
52682
29582
26566
24613
23268
20089
19191
67832
36617
32964
26884
23070
20223
16298
16162
13551
13355
61130
56110
53209
51920
29521
25904
25149
23759
20912
19378
70639
35987
35422
25320
21964
19414
16510
15725
13315
13161
61669
55954
53674
51482
31936
26771
25949
23840
23506
19113
66872
36080
33731
22934
20295
17858
16572
14873
14501
14212
60699
53755
52754
49117
31247
28794
25698
24400
22311
18489
63508
36675
31477
20985
19206
16496
16037
16019
14579
13625
59798
52127
52113
47805
29931
29569
27186
23017
21162
17226
64146
38234
30409
19914
18354
18281
15751
15479
15464
14940
62149
53941
52434
47265
32183
31871
29048
22784
20981
17349
60296
36105
26524
21797
19117
17661
17333
16468
14405
13629
60508
51219
48423
43276
31816
29924
29102
20687
19330
16846
59874
34417
26314
24974
21045
17989
16549
16376
14476
12909
59266
51922
48617
42117
31798
31095
29786
20436
18563
16834
55509
31526
26951
22047
19290
18631
15239
14643
14315
12024
54218
51102
46222
39049
31337
28988
28437
18358
17162
16500
56929
31085
29234
22840
21283
20845
19464
15144
14100
13518
55829
54249
46734
40170
33157
30409
29792
18497
17369
17101
55069
42358
30696
28673
22877
19404
18223
14725
14544
12781
56524
55000
47499
40198
33945
29983
29661
18559
17680
17183
54372
35161
31682
25866
23914
17669
17069
16756
14594
14521
58492
54686
47669
39386
33487
29084
28635
18339
18195
17479
55645
34912
26839
26816
25332
17336
17069
16572
15299
15143
61835
56551
48746
40713
32973
30524
27868
20974
19775
18430
56215
39279
27556
25504
23767
19424
18948
16348
15330
14302
62268
59099
50519
42422
34380
31138
26665
22992
21376
20296
54901
37258
29706
23641
20445
20166
19726
16626
15171
14952
59645
59627
51015
42077
35373
30787
25362
24056
22128
19835
56203
36734
32664
22382
22074
21761
19732
18369
17878
16150
62473
61196
54779
44768
37415
31684
27687
23987
23106
20730
58040
39538
36901
24181
23721
23316
20905
20881
19498
16953
66736
64233
57515
47789
39106
32732
30551
26643
24399
22633
63254
44734
39456
31611
30273
24993
24792
23325
21653
19979
77176
71838
66027
54884
43585
35894
35843
31098
27134
23951
66169
43429
39625
38439
31682
25988
25209
24713
23990
21596
80261
74865
68919
55898
46328
37236
36627
32865
29235
24743
62467
39197
38412
36877
30456
26023
23212
22430
22430
19756
76951
70843
66610
52369
45642
37381
34654
31598
26720
25511
59283
41462
38276
35839
30387
24701
21456
20834
20189
19222
74449
69937
66113
50213
46043
37098
32462
31869
29899
23663
67467
52710
46296
45122
34284
31692
28344
28267
27824
22308
87436
84138
79261
60038
58868
46439
41181
38867
38203
31855
99689
71687
51279
48792
34775
33539
32444
31954
28535
23519
94757
91640
88319
66989
58521
57806
50501
44835
40770
34938
96211
68597
46826
46136
35985
31060
29411
28979
26142
23256
88584
85475
82829
61965
56623
52564
50970
43778
38676
33518
91016
66864
46330
42601
37706
30642
29246
26783
26354
25711
86857
83872
81161
61501
60046
59601
50939
45202
40042
31809
80431
65481
47945
41552
38017
29616
29063
28896
26164
25704
86224
83559
79424
65144
60727
60689
51000
45599
39102
33749
73978
65721
56442
42052
40620
40228
30347
27998
27667
26715
87261
86351
81574
72797
64792
62782
54549
48284
39397
38163
67082
65634
53098
49814
41350
39865
31740
28959
26832
26101
87063
86604
83138
79049
71750
63047
58350
48652
38869
38756
64379
61280
52201
51018
44297
38472
36860
30618
29853
25759
86256
86099
84226
80190
76152
61840
58403
47005
38434
36972
68007
55381
54677
49146
47151
45890
36370
32454
30264
27616
88528
86298
86272
81165
79529
61417
57014
47158
37919
37451
63165
52315
51288
50556
47402
46217
33605
33218
30017
27943
88327
86253
84155
83703
80054
59958
53545
45824
42222
37821
61756
48302
48075
47837
46571
43342
40047
32344
32298
29856
90656
84863
83917
81624
80790
58957
52906
48832
44818
38397
61094
45948
44500
42737
40586
40071
39326
39270
29687
28039
92704
84275
82349
81717
78984
56829
52794
52401
44572
36819
55857
45173
41899
38463
37940
35517
32937
31003
27875
26949
90517
82578
78713
77272
75991
54195
52665
49942
42064
32946
54474
41599
40403
36776
36465
35220
31373
30167
29552
25691
85251
83931
78606
76407
74502
56909
51366
47169
40276
33572
51475
39203
37311
36380
34132
33702
32104
26739
26723
25265
85929
84180
76832
76093
72360
58728
49350
43546
39273
33889
47680
42702
37521
35579
34697
28868
28668
24378
24144
24093
86917
84758
79929
75924
72901
57767
47994
41117
37551
32240
46078
43486
35743
35184
31468
26536
25730
24021
22894
22414
85034
81324
78429
72555
70196
53504
44860
39409
36524
33521
56040
41550
33998
32485
27719
25399
25371
23907
21619
21593
83782
78625
78467
71322
70012
49350
44474
40786
35503
31719
54275
40990
31515
30247
26088
24128
23810
23633
20320
20041
82646
82533
75054
73037
70003
45269
44240
40097
34451
30732
60269
34270
32872
28830
26328
23554
19698
19334
19248
18749
81021
71541
67852
67701
63123
40127
38264
36849
31623
29587
56914
32234
28884
27151
25446
23773
20110
18621
18530
18210
79990
66420
65174
65032
59330
38253
34806
34469
30202
29014
52435
33102
30826
25313
22263
21540
19543
18652
18379
18231
82436
66810
61698
61618
56381
37619
34925
33588
29426
28655
49532
33221
31908
26852
21727
21725
20669
20056
19558
19503
82008
63718
60929
60693
58211
36956
35420
32987
31459
29939
45029
34322
33702
33077
23020
21464
21055
19851
19051
17920
85203
63700
59915
58771
58325
37629
35698
33394
31687
31106
46157
38963
34136
34050
25209
24927
23737
19586
19203
18468
85302
61759
61752
58525
57203
41772
38910
31930
31492
30456
56783
33160
32909
30696
26237
25896
23869
17657
16697
15326
77594
54621
53118
51518
50654
48234
35432
34187
32637
30921
63603
29284
27549
26290
25873
23556
22503
16885
16321
15752
71405
52189
47083
46366
43181
43037
37446
36322
30529
22943
62447
26964
26934
23533
22669
22480
20896
19349
17263
14870
67847
48321
46683
42889
41102
39176
38701
35715
28021
24546
63114
29565
25828
23181
22802
22419
22166
19774
16983
15167
67578
54776
48603
41815
41354
37638
37031
34460
27224
26990
58183
32251
24299
24165
23360
22665
20263
18134
15774
14276
68454
52186
46592
39591
39177
35335
35097
30608
28550
25572
59474
31341
25095
24198
22042
19555
18966
18370
17351
15590
66954
52680
45210
39294
38309
34006
33810
30532
29981
24720
58964
26886
26732
24843
23777
20996
19539
18286
18280
18235
67616
55653
46749
40543
40054
34227
34217
32502
31973
26493
56321
28330
26102
23212
22271
20517
20511
19977
18860
17276
67158
51629
47259
40704
39915
34310
34037
33396
29451
26671
56717
34052
31928
27776
21615
21018
20839
20256
19511
19269
67739
50677
50408
42078
39371
35657
35434
34026
31137
28670
58375
35821
33921
31636
25755
19975
19920
19835
19528
19123
68696
49092
48171
41925
39325
37855
36060
35279
34280
30203
57049
42533
34373
28173
28000
20343
20312
20209
20173
17947
68763
50235
43333
41931
40668
39054
38313
34887
34406
30994
57117
45451
34214
28484
25867
21707
20857
20514
19104
18803
68235
59231
46066
40632
40459
38875
38028
34705
34425
32653
54346
45282
33754
33293
27229
23473
22399
22330
20746
19842
68000
59349
50217
39199
36707
36354
35115
34750
33153
32746
50559
45855
38772
33908
25884
23021
22265
21891
21492
20364
67741
60029
49776
40262
38486
36533
35857
32617
31773
30515
48347
47007
42651
39052
24882
23239
22967
21153
20541
20013
64912
59609
47079
42195
38542
38521
35861
32090
31500
30212
52677
49676
40529
36185
28155
22647
21285
20311
19792
19072
64208
56691
46925
37542
37147
36574
34040
33856
31349
30207
55994
54854
41786
32703
27890
22398
22231
20286
18979
18607
63655
54493
46481
40000
36786
36206
35865
32643
31492
30229
51543
49963
39457
28368
27889
26815
22838
20699
20311
20038
64143
52997
45870
42651
35741
35314
35042
34700
32510
30317
47884
47589
37788
36827
27793
24792
23997
22768
21063
20295
65389
53178
45374
44091
35218
35001
34811
32843
32703
30065
46475
45560
36537
34408
25867
25817
24860
22228
20744
20506
65290
52336
44804
43219
33818
33743
33657
32349
30641
30128
43478
43398
29089
28893
25645
25225
22774
20673
20392
20308
60785
47104
41640
41218
31532
30917
30507
30414
29834
27800
38453
38356
25033
24977
24635
24409
21832
19672
19032
17842
54392
42460
37734
36215
30535
29622
29148
28794
28503
28411
34987
34850
24252
23668
23595
21724
21267
20811
17557
17183
49549
38227
35770
33581
29796
28731
28685
28107
27484
27319
32117
30278
24149
22820
22291
20733
18901
18718
16782
16580
44469
34800
33648
31372
30477
29487
29412
28060
27762
26009
27938
26602
24380
21644
21383
20425
17010
16476
16351
16185
41402
32875
32674
31129
30718
29156
29154
26904
26722
25905
25151
24198
23677
21040
20548
19152
18596
16589
16117
15998
38364
32073
31925
30901
29170
27720
26953
25846
25660
25235
25732
21042
20896
20707
20593
20169
19502
17170
15423
15188
37549
34153
31514
29105
28284
27257
25199
25193
25117
24876
26182
21373
20192
19884
19873
19778
18572
18235
17787
15187
36615
36016
31142
28089
27002
26634
23829
23711
23658
23477
26539
21676
19234
19104
19038
18136
18053
16905
16348
15345
35363
33912
30415
27258
25638
25603
23855
23213
22694
22665
25956
23082
19968
17997
17702
17629
17265
15709
15099
15078
34477
32037
28573
27537
24932
24652
23641
22831
22319
21504
25057
22164
20716
16527
16402
15899
15864
14807
14786
13977
32545
29683
26808
26015
23126
22845
22411
22011
20989
20101
24464
21773
18822
16540
15636
15344
15298
14760
14666
14629
30574
28245
25993
25153
22109
22019
21895
21684
21390
21316
25691
22706
20199
17637
16148
15928
14867
14514
14103
13867
29638
27121
25095
24001
22153
21367
21357
21039
20749
20145
25037
21607
20622
16105
15605
15426
15017
14373
13783
13561
27881
25458
24204
22874
22206
21703
20983
20225
20125
19630
23940
20344
19568
15749
15693
15186
14845
13638
13605
13274
25833
23815
23250
21468
21312
20730
20211
19379
19217
19168
21404
19119
18626
18225
16939
15628
15498
14544
13501
12462
24845
22637
22322
20514
20331
20065
19721
19680
19404
18957
19355
19139
18373
18051
17961
17024
16582
15470
13312
13056
24282
21992
21029
20655
20251
20018
19627
18882
18739
18449
18813
18616
17434
17081
17039
17032
16084
15082
12008
11824
22594
20626
20216
19205
19005
18697
18397
18391
17947
17580
22306
17895
17435
16944
15873
15352
15239
14390
11909
11426
21175
19847
18940
18234
17918
17650
17542
17288
17247
16355
22913
20643
17345
17028
15433
14274
14247
13183
11754
10639
22127
18002
17350
17179
17051
16756
16451
15843
15538
15493
21842
19910
18803
17322
15503
14258
13248
12389
11530
10991
20371
19510
17343
16992
16862
16795
16684
15702
15496
15291
22313
20945
19099
17316
15533
13649
12700
12023
11397
9708
19074
18969
17672
17353
16885
16804
16169
16127
15237
14903
21223
20942
18428
17642
15252
13152
13126
12409
10596
9454
18257
18158
18137
17699
16641
16241
15497
14905
14766
14298
20936
19807
18609
17089
15696
13512
12647
12085
10320
10115
19305
18462
17201
16883
16820
15724
15454
15414
14431
13937
20455
19691
17417
16378
15617
14905
12401
11786
11398
10295
19635
18374
16627
15949
15909
15077
14824
14547
14431
13700
19496
19365
16302
16128
14795
14428
13090
11760
10972
10787
19117
18218
15761
15244
14862
14641
14510
14088
13902
13819
19800
18703
15958
15180
14883
13470
12937
11833
10712
10607
18798
18410
14967
14291
14014
13797
13549
13344
13193
13178
18688
17921
14924
14464
13928
12940
12642
12301
10582
10376
19837
18267
14516
13525
13389
13381
12886
12585
12435
12352
